D = 0.0684, p-value = 0.0001485
D = 0.0521, p-value = 0.02371
D = 0.043, p-value = 0.001747
D = 0.0409, p-value = 0.0001453
