 argv[1] = x damp = 30.000000
 in1 = 70 maln = 38 naln = 93 mean1 = 0.898297 stdv1 = 0.292485 in2 = 2484 mean2 = 1.291481 stdv2 = 0.238312
Avg: 8.98e-01 < 1.29e+00 Tprob=2.69e-17 **
StD: 2.92e-01 > 2.38e-01 Fprob=4.82e-03 **
